national_illness_104_24_DLinear_custom_ftM_sl104_ll18_pl24_dm512_nh8_el2_dl1_df2048_fc1_ebtimeF_dtTrue_Exp_0  
mse:2.5122313499450684, mae:1.1028990745544434, rse:0.7663453817367554, corr:[0.07345601 0.07440199 0.0743745  0.07388156 0.07209441 0.07221252
 0.07266898 0.07245372 0.07447802 0.07289404 0.07420631 0.07387953
 0.07372689 0.07295774 0.07246396 0.0717966  0.07097758 0.07054978
 0.06930177 0.06861114 0.06896316 0.0698152  0.06907368 0.06917716]

national_illness_104_24_DLinear_custom_ftM_sl104_ll18_pl24_dm512_nh8_el2_dl1_df2048_fc1_ebtimeF_dtTrue_Exp_0  
mse:3.7891416549682617, mae:1.4109916687011719, rse:0.9411636590957642, corr:[0.0421228  0.04532047 0.06612629 0.06101833 0.06412452 0.06890129
 0.06809105 0.06754856 0.06778157 0.06830239 0.0680352  0.06603859
 0.06742866 0.06564843 0.06667123 0.06526065 0.06050549 0.06418419
 0.06429784 0.06468247 0.06285568 0.06503326 0.06156673 0.06134072]

national_illness_104_24_DLinear_custom_ftM_sl104_ll18_pl24_dm512_nh8_el2_dl1_df2048_fc1_ebtimeF_dtTrue_Exp_0  
mse:3.7891416549682617, mae:1.4109916687011719, rse:0.9411636590957642, corr:[0.0421228  0.04532047 0.06612629 0.06101833 0.06412452 0.06890129
 0.06809105 0.06754856 0.06778157 0.06830239 0.0680352  0.06603859
 0.06742866 0.06564843 0.06667123 0.06526065 0.06050549 0.06418419
 0.06429784 0.06468247 0.06285568 0.06503326 0.06156673 0.06134072]

national_illness_104_24_DLinear_custom_ftM_sl104_ll18_pl24_dm512_nh8_el2_dl1_df2048_fc1_ebtimeF_dtTrue_Exp_0  
mse:3.7891416549682617, mae:1.4109916687011719, rse:0.9411636590957642, corr:[0.0421228  0.04532047 0.06612629 0.06101833 0.06412452 0.06890129
 0.06809105 0.06754856 0.06778157 0.06830239 0.0680352  0.06603859
 0.06742866 0.06564843 0.06667123 0.06526065 0.06050549 0.06418419
 0.06429784 0.06468247 0.06285568 0.06503326 0.06156673 0.06134072]

national_illness_104_24_DLinear_custom_ftM_sl104_ll18_pl24_dm512_nh8_el2_dl1_df2048_fc1_ebtimeF_dtTrue_Exp_0  
mse:3.7891416549682617, mae:1.4109916687011719, rse:0.9411636590957642, corr:[0.0421228  0.04532047 0.06612629 0.06101833 0.06412452 0.06890129
 0.06809105 0.06754856 0.06778157 0.06830239 0.0680352  0.06603859
 0.06742866 0.06564843 0.06667123 0.06526065 0.06050549 0.06418419
 0.06429784 0.06468247 0.06285568 0.06503326 0.06156673 0.06134072]

national_illness_104_24_DLinear_custom_ftM_sl104_ll18_pl24_dm512_nh8_el2_dl1_df2048_fc1_ebtimeF_dtTrue_Exp_0  
mse:3.7891416549682617, mae:1.4109916687011719, rse:0.9411636590957642, corr:[0.0421228  0.04532047 0.06612629 0.06101833 0.06412452 0.06890129
 0.06809105 0.06754856 0.06778157 0.06830239 0.0680352  0.06603859
 0.06742866 0.06564843 0.06667123 0.06526065 0.06050549 0.06418419
 0.06429784 0.06468247 0.06285568 0.06503326 0.06156673 0.06134072]

national_illness_104_24_DLinear_custom_ftM_sl104_ll18_pl24_dm512_nh8_el2_dl1_df2048_fc1_ebtimeF_dtTrue_Exp_0  
mse:3.7891416549682617, mae:1.4109916687011719, rse:0.9411636590957642, corr:[0.0421228  0.04532047 0.06612629 0.06101833 0.06412452 0.06890129
 0.06809105 0.06754856 0.06778157 0.06830239 0.0680352  0.06603859
 0.06742866 0.06564843 0.06667123 0.06526065 0.06050549 0.06418419
 0.06429784 0.06468247 0.06285568 0.06503326 0.06156673 0.06134072]

national_illness_104_24_DLinear_custom_ftM_sl104_ll18_pl24_dm512_nh8_el2_dl1_df2048_fc1_ebtimeF_dtTrue_Exp_0  
mse:3.7891416549682617, mae:1.4109916687011719, rse:0.9411636590957642, corr:[0.0421228  0.04532047 0.06612629 0.06101833 0.06412452 0.06890129
 0.06809105 0.06754856 0.06778157 0.06830239 0.0680352  0.06603859
 0.06742866 0.06564843 0.06667123 0.06526065 0.06050549 0.06418419
 0.06429784 0.06468247 0.06285568 0.06503326 0.06156673 0.06134072]

national_illness_104_24_DLinear_custom_ftM_sl104_ll18_pl24_dm512_nh8_el2_dl1_df2048_fc1_ebtimeF_dtTrue_Exp_0  
mse:3.7891416549682617, mae:1.4109916687011719, rse:0.9411636590957642, corr:[0.0421228  0.04532047 0.06612629 0.06101833 0.06412452 0.06890129
 0.06809105 0.06754856 0.06778157 0.06830239 0.0680352  0.06603859
 0.06742866 0.06564843 0.06667123 0.06526065 0.06050549 0.06418419
 0.06429784 0.06468247 0.06285568 0.06503326 0.06156673 0.06134072]

national_illness_104_24_DLinear_custom_ftM_sl104_ll18_pl24_dm512_nh8_el2_dl1_df2048_fc1_ebtimeF_dtTrue_Exp_0  
mse:3.7891416549682617, mae:1.4109916687011719, rse:0.9411636590957642, corr:[0.0421228  0.04532047 0.06612629 0.06101833 0.06412452 0.06890129
 0.06809105 0.06754856 0.06778157 0.06830239 0.0680352  0.06603859
 0.06742866 0.06564843 0.06667123 0.06526065 0.06050549 0.06418419
 0.06429784 0.06468247 0.06285568 0.06503326 0.06156673 0.06134072]

national_illness_104_24_DLinear_custom_ftM_sl104_ll18_pl24_dm512_nh8_el2_dl1_df2048_fc1_ebtimeF_dtTrue_Exp_0  
mse:3.7891416549682617, mae:1.4109916687011719, rse:0.9411636590957642, corr:[0.0421228  0.04532047 0.06612629 0.06101833 0.06412452 0.06890129
 0.06809105 0.06754856 0.06778157 0.06830239 0.0680352  0.06603859
 0.06742866 0.06564843 0.06667123 0.06526065 0.06050549 0.06418419
 0.06429784 0.06468247 0.06285568 0.06503326 0.06156673 0.06134072]

national_illness_104_24_DLinear_custom_ftM_sl104_ll18_pl24_dm512_nh8_el2_dl1_df2048_fc1_ebtimeF_dtTrue_Exp_0  
mse:3.7891416549682617, mae:1.4109916687011719, rse:0.9411636590957642, corr:[0.0421228  0.04532047 0.06612629 0.06101833 0.06412452 0.06890129
 0.06809105 0.06754856 0.06778157 0.06830239 0.0680352  0.06603859
 0.06742866 0.06564843 0.06667123 0.06526065 0.06050549 0.06418419
 0.06429784 0.06468247 0.06285568 0.06503326 0.06156673 0.06134072]

national_illness_104_24_DLinear_custom_ftM_sl104_ll18_pl24_dm512_nh8_el2_dl1_df2048_fc1_ebtimeF_dtTrue_Exp_0  
mse:3.7891416549682617, mae:1.4109916687011719, rse:0.9411636590957642, corr:[0.0421228  0.04532047 0.06612629 0.06101833 0.06412452 0.06890129
 0.06809105 0.06754856 0.06778157 0.06830239 0.0680352  0.06603859
 0.06742866 0.06564843 0.06667123 0.06526065 0.06050549 0.06418419
 0.06429784 0.06468247 0.06285568 0.06503326 0.06156673 0.06134072]

national_illness_104_24_DLinear_custom_ftM_sl104_ll18_pl24_dm512_nh8_el2_dl1_df2048_fc1_ebtimeF_dtTrue_Exp_0  
mse:3.7891416549682617, mae:1.4109916687011719, rse:0.9411636590957642, corr:[0.0421228  0.04532047 0.06612629 0.06101833 0.06412452 0.06890129
 0.06809105 0.06754856 0.06778157 0.06830239 0.0680352  0.06603859
 0.06742866 0.06564843 0.06667123 0.06526065 0.06050549 0.06418419
 0.06429784 0.06468247 0.06285568 0.06503326 0.06156673 0.06134072]

national_illness_104_24_DLinear_custom_ftM_sl104_ll18_pl24_dm512_nh8_el2_dl1_df2048_fc1_ebtimeF_dtTrue_Exp_0  
mse:3.7891416549682617, mae:1.4109916687011719, rse:0.9411636590957642, corr:[0.0421228  0.04532047 0.06612629 0.06101833 0.06412452 0.06890129
 0.06809105 0.06754856 0.06778157 0.06830239 0.0680352  0.06603859
 0.06742866 0.06564843 0.06667123 0.06526065 0.06050549 0.06418419
 0.06429784 0.06468247 0.06285568 0.06503326 0.06156673 0.06134072]

national_illness_104_24_DLinear_custom_ftM_sl104_ll18_pl24_dm512_nh8_el2_dl1_df2048_fc1_ebtimeF_dtTrue_Exp_0  
mse:3.7891416549682617, mae:1.4109916687011719, rse:0.9411636590957642, corr:[0.0421228  0.04532047 0.06612629 0.06101833 0.06412452 0.06890129
 0.06809105 0.06754856 0.06778157 0.06830239 0.0680352  0.06603859
 0.06742866 0.06564843 0.06667123 0.06526065 0.06050549 0.06418419
 0.06429784 0.06468247 0.06285568 0.06503326 0.06156673 0.06134072]

national_illness_104_24_DLinear_custom_ftM_sl104_ll18_pl24_dm512_nh8_el2_dl1_df2048_fc1_ebtimeF_dtTrue_Exp_0  
mse:3.7891416549682617, mae:1.4109916687011719, rse:0.9411636590957642, corr:[0.0421228  0.04532047 0.06612629 0.06101833 0.06412452 0.06890129
 0.06809105 0.06754856 0.06778157 0.06830239 0.0680352  0.06603859
 0.06742866 0.06564843 0.06667123 0.06526065 0.06050549 0.06418419
 0.06429784 0.06468247 0.06285568 0.06503326 0.06156673 0.06134072]

national_illness_104_24_DLinear_custom_ftM_sl104_ll18_pl24_dm512_nh8_el2_dl1_df2048_fc1_ebtimeF_dtTrue_Exp_0  
mse:3.7891416549682617, mae:1.4109916687011719, rse:0.9411636590957642, corr:[0.0421228  0.04532047 0.06612629 0.06101833 0.06412452 0.06890129
 0.06809105 0.06754856 0.06778157 0.06830239 0.0680352  0.06603859
 0.06742866 0.06564843 0.06667123 0.06526065 0.06050549 0.06418419
 0.06429784 0.06468247 0.06285568 0.06503326 0.06156673 0.06134072]

national_illness_104_24_DLinear_custom_ftM_sl104_ll18_pl24_dm512_nh8_el2_dl1_df2048_fc1_ebtimeF_dtTrue_Exp_0  
mse:3.7891416549682617, mae:1.4109916687011719, rse:0.9411636590957642, corr:[0.0421228  0.04532047 0.06612629 0.06101833 0.06412452 0.06890129
 0.06809105 0.06754856 0.06778157 0.06830239 0.0680352  0.06603859
 0.06742866 0.06564843 0.06667123 0.06526065 0.06050549 0.06418419
 0.06429784 0.06468247 0.06285568 0.06503326 0.06156673 0.06134072]

national_illness_104_24_DLinear_custom_ftM_sl104_ll18_pl24_dm512_nh8_el2_dl1_df2048_fc1_ebtimeF_dtTrue_Exp_0  
mse:3.7891416549682617, mae:1.4109916687011719, rse:0.9411636590957642, corr:[0.0421228  0.04532047 0.06612629 0.06101833 0.06412452 0.06890129
 0.06809105 0.06754856 0.06778157 0.06830239 0.0680352  0.06603859
 0.06742866 0.06564843 0.06667123 0.06526065 0.06050549 0.06418419
 0.06429784 0.06468247 0.06285568 0.06503326 0.06156673 0.06134072]

national_illness_104_24_DLinear_custom_ftM_sl104_ll18_pl24_dm512_nh8_el2_dl1_df2048_fc1_ebtimeF_dtTrue_Exp_0  
mse:2.5122313499450684, mae:1.1028990745544434, rse:0.7663453817367554, corr:[0.07345601 0.07440199 0.0743745  0.07388156 0.07209441 0.07221252
 0.07266898 0.07245372 0.07447802 0.07289404 0.07420631 0.07387953
 0.07372689 0.07295774 0.07246396 0.0717966  0.07097758 0.07054978
 0.06930177 0.06861114 0.06896316 0.0698152  0.06907368 0.06917716]

